1536
1156
1582
1598
1112
1502
1748
1480
1448
1078
1982
1814
1614
1914
1040
1940
1720
1214
1570
1130
1508
1870
1294
1206
1082
1674
1644
1856
1256
1638
1450
1498
1794
1034
1096
1906
1240
1550
1090
1688
1332
1778
1502
1946
1692
1246
1590
1412
1460
1162
1246
1672
1032
1542
1584
1818
1216
1228
1674
1178
1570
1126
1676
1366
1864
1476
1976
1104
1730
1068
1794
1062
1846
1000
1712
1242
1952
1304
1654
1412
1466
1900
1790
1202
1146
1374
1022
1068
1306
1400
1950
1876
1526
1626
1946
1390
1806
1924
1200
1242
1992
1994
1008
1542
1698
1426
1784
1650
1730
1142
1768
1900
1042
1262
1806
1894
1340
1532
1962
1646
1934
1912
1226
1164
1242
1174
1260
1752
1098
1460
1994
1794
1158
1004
1040
1560
1430
1528
1212
1864
1670
1684
1468
1416
1946
1978
1310
1286
1216
1976
1932
1854
1888
1862
1018
1834
1036
1982
1588
1838
1442
1582
1336
1304
1290
1376
1866
1424
1904
1782
1288
1278
1466
1460
1696
1412
1144
1006
1698
1360
1688
1334
1918
1576
1900
1936
1412
1938
1624
1000
1776
1770
1286
1818
1076
1578
1194
1646
1002
1804
